---------------------- -------------------
[0, 16, 13, 0, 0, 0]
[0, 0, 10, 12, 0, 0]
[0, 4, 0, 0, 14, 0]
[0, 0, 9, 0, 0, 20]
[0, 0, 0, 7, 0, 4]
[0, 0, 0, 0, 0, 0]
---------------------- -------------------
U: 0, 
ind: 1, val: 16
ind: 2, val: 13
U: 1, 
ind: 3, val: 12
U: 2, 
ind: 4, val: 14
U: 3, 
ind: 5, val: 20
U: 4, 
U: 5, 
PARENT: [-1, 0, 0, 1, 2, 3]
PATH: [0, 1, 2, 3, 4, 5]
Reached T
path_flow  12
---------------------- -------------------
[0, 4, 13, 0, 0, 0]
[12, 0, 10, 0, 0, 0]
[0, 4, 0, 0, 14, 0]
[0, 12, 9, 0, 0, 8]
[0, 0, 0, 7, 0, 4]
[0, 0, 0, 12, 0, 0]
---------------------- -------------------
U: 0, 
ind: 1, val: 4
ind: 2, val: 13
U: 1, 
U: 2, 
ind: 4, val: 14
U: 4, 
ind: 3, val: 7
ind: 5, val: 4
U: 3, 
U: 5, 
PARENT: [-1, 0, 0, 4, 2, 4]
PATH: [0, 1, 2, 4, 3, 5]
Reached T
path_flow  4
---------------------- -------------------
[0, 4, 9, 0, 0, 0]
[12, 0, 10, 0, 0, 0]
[4, 4, 0, 0, 10, 0]
[0, 12, 9, 0, 0, 8]
[0, 0, 4, 7, 0, 0]
[0, 0, 0, 12, 4, 0]
---------------------- -------------------
U: 0, 
ind: 1, val: 4
ind: 2, val: 9
U: 1, 
U: 2, 
ind: 4, val: 10
U: 4, 
ind: 3, val: 7
U: 3, 
ind: 5, val: 8
U: 5, 
PARENT: [-1, 0, 0, 4, 2, 3]
PATH: [0, 1, 2, 4, 3, 5]
Reached T
path_flow  7
---------------------- -------------------
[0, 4, 2, 0, 0, 0]
[12, 0, 10, 0, 0, 0]
[11, 4, 0, 0, 3, 0]
[0, 12, 9, 0, 7, 1]
[0, 0, 11, 0, 0, 0]
[0, 0, 0, 19, 4, 0]
---------------------- -------------------
U: 0, 
ind: 1, val: 4
ind: 2, val: 2
U: 1, 
U: 2, 
ind: 4, val: 3
U: 4, 
PARENT: [-1, 0, 0, 4, 2, 3]
PATH: [0, 1, 2, 4]
Max flow = 23
